1 90 1
1 94 1
1 98 1
1 100 1
2 100 4
3 85 1
3 100 1
4 100 1
5 100 1
6 85 2
6 102 1
7 81 2
7 100 2
8 86 1
8 92 1
8 102 5
8 104 3
9 98 2
10 104 5
11 92 1
12 100 1
12 104 3
13 92 4
13 102 3
13 104 13
14 86 1
14 102 1
15 95 1
15 97 1
15 100 2
15 101 3
15 102 1
15 104 31
16 91 1
16 102 3
16 104 9
17 90 2
17 100 1
17 104 10
18 86 1
18 90 2
18 91 1
18 92 7
18 98 2
18 100 1
18 101 1
18 104 45
19 91 1
19 92 13
19 99 1
19 102 4
19 104 32
20 90 1
20 92 5
20 104 6
21 81 1
21 97 1
21 100 1
21 104 1
22 104 1
23 81 1
23 86 3
23 91 8
23 92 28
23 100 2
23 101 1
23 102 22
23 103 2
23 104 97
24 104 1
25 103 4
26 102 1
26 104 3
27 86 1
28 81 2
28 99 2
28 100 1
29 100 2
30 91 1
30 104 10
31 80 1
31 81 1
31 85 1
31 86 3
31 87 1
31 88 3
31 90 3
31 91 8
31 92 31
31 98 4
31 99 8
31 100 19
31 102 27
31 104 88
32 104 1
33 91 1
33 96 1
33 97 1
33 99 1
33 100 1
33 101 1
33 102 33
33 104 107
34 80 1
34 81 20
34 85 8
34 86 3
34 88 1
34 90 6
34 91 8
34 92 6
34 94 7
34 96 1
34 97 3
34 98 1
34 99 3
34 100 139
34 101 10
34 102 43
34 103 2
34 104 125
35 80 1
35 85 1
35 100 15
35 101 1
36 92 1
37 103 1
38 104 2
39 104 1
40 92 1
40 100 1
40 103 1
40 104 9
41 104 5
42 81 1
42 90 1
42 92 2
42 100 8
42 103 1
42 104 12
43 80 2
43 85 3
43 86 9
43 88 1
43 89 1
43 91 9
43 92 4
43 94 2
43 96 3
43 97 1
43 98 1
43 100 35
43 102 36
43 104 52
44 90 2
44 92 5
44 98 1
44 100 1
44 102 1
45 81 1
45 86 1
45 90 10
45 92 4
45 98 1
45 100 11
45 104 5
46 86 1
46 87 1
46 100 5
46 102 1
47 92 1
48 80 1
48 85 2
48 88 1
48 91 2
48 93 4
48 97 1
48 101 1
48 102 2
48 104 12
49 93 2
49 98 1
49 99 1
49 100 2
49 101 1
49 102 1
49 104 4
50 91 2
50 102 2
50 104 2
51 80 1
51 81 1
51 104 4
52 87 3
52 100 2
52 104 3
53 80 2
53 93 9
53 104 1
54 104 1
55 90 3
55 99 1
55 100 1
55 104 1
56 92 1
57 80 2
57 81 16
57 83 3
57 85 14
57 86 8
57 88 16
57 89 1
57 90 2
57 92 16
57 94 3
57 97 3
57 98 2
57 99 1
57 100 101
57 101 5
57 102 3
57 104 51
58 81 1
58 84 1
58 88 1
58 90 1
58 92 2
58 98 1
58 100 6
58 102 6
58 103 1
58 104 40
59 104 6
60 102 2
60 104 6
61 104 2
62 86 3
62 98 1
62 99 1
62 104 1
63 90 1
63 98 9
64 82 1
64 86 7
64 90 4
64 95 1
64 98 14
65 86 4
65 90 2
66 86 1
66 90 1
67 86 5
68 87 1
68 92 1
68 96 1
68 100 2
68 101 1
68 102 6
68 103 1
68 104 63
69 102 2
70 90 1
70 91 1
70 100 2
70 101 1
70 102 8
70 103 1
70 104 53
71 86 1
71 92 1
71 102 1
72 81 7
72 83 1
72 85 3
72 86 3
72 88 1
72 89 2
72 97 2
72 98 1
72 99 4
72 100 58
72 101 4
72 104 6
73 82 1
73 86 2
73 98 3
74 86 2
74 90 1
74 92 4
75 81 1
75 85 3
76 100 3
76 104 3
77 90 1
77 104 1
78 98 1
79 90 1
79 92 1
79 100 2
