9 92 1
9 96 1
9 104 1
9 95 1
10 95 4
11 91 1
11 95 1
12 95 1
13 95 1
14 91 2
14 103 1
15 94 2
15 95 2
7 83 1
7 89 1
7 103 5
7 88 3
17 104 2
18 88 5
29 89 1
38 95 1
38 88 3
39 89 4
39 103 3
39 88 13
16 83 1
16 103 1
40 93 1
40 102 1
40 95 2
40 87 3
40 103 1
40 88 31
41 80 1
41 103 3
41 88 9
69 92 2
69 95 1
69 88 10
42 83 1
42 92 2
42 80 1
42 89 7
42 104 2
42 95 1
42 87 1
42 88 45
43 80 1
43 89 13
43 84 1
43 103 4
43 88 32
44 92 1
44 89 5
44 88 6
19 94 1
19 102 1
19 95 1
19 88 1
20 88 1
21 94 1
21 83 3
21 80 8
21 89 28
21 95 2
21 87 1
21 103 22
21 82 2
21 88 97
22 88 1
23 82 4
24 103 1
24 88 3
25 83 1
26 94 2
26 84 2
26 95 1
27 95 2
28 80 1
28 88 10
47 81 1
47 94 1
47 91 1
47 83 3
47 90 1
47 97 3
47 92 3
47 80 8
47 89 31
47 104 4
47 84 8
47 95 19
47 103 27
47 88 88
30 88 1
31 80 1
31 85 1
31 102 1
31 84 1
31 95 1
31 87 1
31 103 33
31 88 107
32 81 1
32 94 20
32 91 8
32 83 3
32 97 1
32 92 6
32 80 8
32 89 6
32 96 7
32 85 1
32 102 3
32 104 1
32 84 3
32 95 139
32 87 10
32 103 43
32 82 2
32 88 125
33 81 1
33 91 1
33 95 15
33 87 1
34 89 1
35 82 1
77 88 2
36 88 1
37 89 1
37 95 1
37 82 1
37 88 9
8 88 5
45 94 1
45 92 1
45 89 2
45 95 8
45 82 1
45 88 12
46 81 2
46 91 3
46 83 9
46 97 1
46 86 1
46 80 9
46 89 4
46 96 2
46 85 3
46 102 1
46 104 1
46 95 35
46 103 36
46 88 52
48 92 2
48 89 5
48 104 1
48 95 1
48 103 1
49 94 1
49 83 1
49 92 10
49 89 4
49 104 1
49 95 11
49 88 5
51 83 1
51 90 1
51 95 5
51 103 1
52 89 1
55 81 1
55 91 2
55 97 1
55 80 2
55 100 4
55 102 1
55 87 1
55 103 2
55 88 12
56 100 2
56 104 1
56 84 1
56 95 2
56 87 1
56 103 1
56 88 4
57 80 2
57 103 2
57 88 2
58 81 1
58 94 1
58 88 4
61 90 3
61 95 2
61 88 3
62 81 2
62 100 9
62 88 1
63 88 1
67 92 3
67 84 1
67 95 1
67 88 1
68 89 1
71 81 2
71 94 16
71 99 3
71 91 14
71 83 8
71 97 16
71 86 1
71 92 2
71 89 16
71 96 3
71 102 3
71 104 2
71 84 1
71 95 101
71 87 5
71 103 3
71 88 51
74 94 1
74 101 1
74 97 1
74 92 1
74 89 2
74 104 1
74 95 6
74 103 6
74 82 1
74 88 40
75 88 6
76 103 2
76 88 6
79 88 2
3 83 3
3 104 1
3 84 1
3 88 1
4 92 1
4 104 9
5 98 1
5 83 7
5 92 4
5 93 1
5 104 14
6 83 4
6 92 2
65 83 1
65 92 1
2 83 5
59 90 1
59 89 1
59 85 1
59 95 2
59 87 1
59 103 6
59 82 1
59 88 63
50 103 2
72 92 1
72 80 1
72 95 2
72 87 1
72 103 8
72 82 1
72 88 53
73 83 1
73 89 1
73 103 1
70 94 7
70 99 1
70 91 3
70 83 3
70 97 1
70 86 2
70 102 2
70 104 1
70 84 4
70 95 58
70 87 4
70 88 6
64 98 1
64 83 2
64 104 3
66 83 2
66 92 1
66 89 4
60 94 1
60 91 3
53 95 3
53 88 3
54 92 1
54 88 1
78 104 1
1 92 1
1 89 1
1 95 2
