22 1 1
22 2 1
22 3 1
22 4 1
22 5 1
22 6 1
22 7 1
22 8 1
22 9 1
22 10 1
22 11 1
22 12 1
22 13 1
22 14 1
22 15 1
22 16 1
22 17 1
22 18 1
22 19 1
22 20 1
22 23 1
22 24 1
22 25 1
22 26 1
22 27 1
22 28 1
22 29 1
22 30 1
22 31 1
22 32 1
22 33 1
22 34 1
22 35 1
22 36 1
22 37 1
22 260 1
22 261 1
23 1 1
23 2 1
23 3 1
23 4 1
23 5 1
23 6 1
23 7 1
23 8 1
23 9 1
23 10 1
23 11 1
23 12 1
23 13 1
23 14 1
23 15 1
23 16 1
23 17 1
23 18 1
23 19 1
23 20 1
23 260 1
23 261 1
24 1 1
24 2 1
24 3 1
24 4 1
24 5 1
24 6 1
24 7 1
24 8 1
24 9 1
24 10 1
24 11 1
24 12 1
24 13 1
24 14 1
24 15 1
24 16 1
24 17 1
24 18 1
24 19 1
24 20 1
24 261 1
25 1 1
25 5 1
25 6 1
25 17 1
25 18 1
25 19 1
25 260 1
25 261 1
26 260 1
27 23 1
27 24 1
27 34 1
27 260 1
27 261 1
28 22 1
28 260 1
28 261 1
29 260 1
29 261 1
30 29 1
30 260 1
30 261 1
31 261 1
32 261 1
33 260 1
33 261 1
34 260 1
35 34 1
35 35 1
35 260 1
36 261 1
37 261 1
38 22 1
38 23 1
38 24 1
38 25 1
38 26 1
38 27 1
38 28 1
38 29 1
38 30 1
38 31 1
38 32 1
38 260 1
38 261 1
39 22 1
39 27 1
39 28 1
39 260 1
39 261 1
40 261 1
41 261 1
42 261 1
43 261 1
44 261 1
44 262 1
45 22 1
45 23 1
45 24 1
45 25 1
45 26 1
45 27 1
45 28 1
45 29 1
45 30 1
45 31 1
45 32 1
45 34 1
45 35 1
45 45 1
45 46 1
46 22 1
46 23 1
46 24 1
46 25 1
46 26 1
46 27 1
47 28 1
48 260 1
48 261 1
48 262 1
66 260 1
66 261 1
66 262 1
67 260 1
67 261 1
67 262 1
68 49 1
68 50 1
68 51 1
68 52 1
68 53 1
68 54 1
68 55 1
68 56 1
68 57 1
68 58 1
68 59 1
68 60 1
68 61 1
68 62 1
68 63 1
68 64 1
68 65 1
68 261 1
68 262 1
69 261 1
69 262 1
70 261 1
70 262 1
71 261 1
72 261 1
72 262 1
73 261 1
74 261 1
75 261 1
76 261 1
76 262 1
77 261 1
77 262 1
78 261 1
78 262 1
79 261 1
79 262 1
80 261 1
80 262 1
81 261 1
81 262 1
82 261 1
82 262 1
83 66 1
83 67 1
83 68 1
83 262 1
84 261 1
84 262 1
85 49 1
85 50 1
85 51 1
85 52 1
85 53 1
85 54 1
85 55 1
85 56 1
85 57 1
85 58 1
85 59 1
85 60 1
85 61 1
85 62 1
85 63 1
85 64 1
85 65 1
85 66 1
85 67 1
85 134 1
85 135 1
85 136 1
85 137 1
85 138 1
85 139 1
85 140 1
85 141 1
85 142 1
85 143 1
85 207 1
85 208 1
85 209 1
85 210 1
85 211 1
85 212 1
85 213 1
85 214 1
85 215 1
85 216 1
85 217 1
85 262 1
86 261 1
86 262 1
87 261 1
87 262 1
88 261 1
88 262 1
89 22 1
89 26 1
89 31 1
89 32 1
89 33 1
89 35 1
89 261 1
90 261 1
90 262 1
91 261 1
91 262 1
92 261 1
92 262 1
93 261 1
94 22 1
94 23 1
94 24 1
94 25 1
94 26 1
94 27 1
94 28 1
94 29 1
94 30 1
94 31 1
94 32 1
94 261 1
95 261 1
95 262 1
96 261 1
96 262 1
97 261 1
97 262 1
98 261 1
98 262 1
99 261 1
99 262 1
100 261 1
100 262 1
101 136 1
101 137 1
101 138 1
101 139 1
101 140 1
101 141 1
101 142 1
101 143 1
101 144 1
101 145 1
101 146 1
101 168 1
101 169 1
101 170 1
101 171 1
101 172 1
101 211 1
101 212 1
101 213 1
101 214 1
101 215 1
101 216 1
101 217 1
101 220 1
101 221 1
101 261 1
101 262 1
102 261 1
103 44 1
103 54 1
103 55 1
103 79 1
103 80 1
103 81 1
103 261 1
103 262 1
104 44 1
104 54 1
104 55 1
104 79 1
104 80 1
104 81 1
104 86 1
104 87 1
104 88 1
104 261 1
104 262 1
105 44 1
105 48 1
105 54 1
105 55 1
105 261 1
105 262 1
106 44 1
106 54 1
106 55 1
106 68 1
106 79 1
106 80 1
106 81 1
106 86 1
106 87 1
106 88 1
106 90 1
106 91 1
106 92 1
106 95 1
106 261 1
106 262 1
107 44 1
107 54 1
107 55 1
107 68 1
107 69 1
107 70 1
107 79 1
107 80 1
107 81 1
107 261 1
107 262 1
108 261 1
108 262 1
109 261 1
109 262 1
110 261 1
110 262 1
111 261 1
112 262 1
113 261 1
114 262 1
115 261 1
115 262 1
116 261 1
116 262 1
117 261 1
117 262 1
118 260 1
118 261 1
119 119 1
119 120 1
119 136 1
119 137 1
119 138 1
119 139 1
119 140 1
119 141 1
119 142 1
119 143 1
119 144 1
119 145 1
119 156 1
119 157 1
119 179 1
119 261 1
119 262 1
120 261 1
120 262 1
121 261 1
121 262 1
122 261 1
122 262 1
123 261 1
123 262 1
124 261 1
124 262 1
125 261 1
125 262 1
126 261 1
126 262 1
127 261 1
127 262 1
128 261 1
128 262 1
129 261 1
129 262 1
130 261 1
130 262 1
131 261 1
131 262 1
132 261 1
132 262 1
133 87 1
133 115 1
133 118 1
133 145 1
133 156 1
133 157 1
133 179 1
133 218 1
133 219 1
133 220 1
133 221 1
133 261 1
133 262 1
134 87 1
134 115 1
134 118 1
134 131 1
134 145 1
134 156 1
134 157 1
134 179 1
134 261 1
134 262 1
135 115 1
135 118 1
135 135 1
135 145 1
135 156 1
135 157 1
135 179 1
135 261 1
135 262 1
136 261 1
136 262 1
137 261 1
137 262 1
138 261 1
138 262 1
139 261 1
140 261 1
140 262 1
141 261 1
142 261 1
142 262 1
143 115 1
143 118 1
143 135 1
143 143 1
143 145 1
143 156 1
143 157 1
143 179 1
143 261 1
143 262 1
144 261 1
144 262 1
145 261 1
145 262 1
146 261 1
146 262 1
147 261 1
147 262 1
148 261 1
148 262 1
149 261 1
149 262 1
150 261 1
150 262 1
151 261 1
151 262 1
152 261 1
152 262 1
153 261 1
153 262 1
154 261 1
154 262 1
155 260 1
155 261 1
155 262 1
156 260 1
156 261 1
156 262 1
157 261 1
157 262 1
158 134 1
158 135 1
158 136 1
158 137 1
158 138 1
158 139 1
158 140 1
158 141 1
158 142 1
158 143 1
158 162 1
158 163 1
158 164 1
158 165 1
158 166 1
158 167 1
158 168 1
158 169 1
158 170 1
158 171 1
158 172 1
158 173 1
158 174 1
158 175 1
158 176 1
158 177 1
158 178 1
158 179 1
158 180 1
158 181 1
158 182 1
159 261 1
159 262 1
160 49 1
160 50 1
160 51 1
160 52 1
160 53 1
160 54 1
160 55 1
160 56 1
160 57 1
160 58 1
160 59 1
160 60 1
160 61 1
160 62 1
160 63 1
160 64 1
160 65 1
160 261 1
160 262 1
161 49 1
161 50 1
161 51 1
161 52 1
161 53 1
161 54 1
161 55 1
161 56 1
161 57 1
161 58 1
161 59 1
161 60 1
161 61 1
161 62 1
161 63 1
161 64 1
161 65 1
161 262 1
162 261 1
162 262 1
163 49 1
163 54 1
163 55 1
163 56 1
164 49 1
164 50 1
164 51 1
164 52 1
164 53 1
164 54 1
164 55 1
164 56 1
164 57 1
164 58 1
164 59 1
164 60 1
164 61 1
164 62 1
164 63 1
164 64 1
164 65 1
164 220 1
164 221 1
164 261 1
165 49 1
165 50 1
165 51 1
165 52 1
165 53 1
165 54 1
165 55 1
165 56 1
165 57 1
165 58 1
165 59 1
165 60 1
165 61 1
165 62 1
165 63 1
165 64 1
165 65 1
165 220 1
165 221 1
165 261 1
166 49 1
166 50 1
166 51 1
166 52 1
166 53 1
166 54 1
166 55 1
166 56 1
166 57 1
166 58 1
166 59 1
166 60 1
166 61 1
166 62 1
166 63 1
166 64 1
166 65 1
166 261 1
167 261 1
168 261 1
169 261 1
170 49 1
170 50 1
170 51 1
170 52 1
170 53 1
170 54 1
170 55 1
170 56 1
170 57 1
170 58 1
170 59 1
170 60 1
170 61 1
170 62 1
170 63 1
170 64 1
170 65 1
170 261 1
171 261 1
172 261 1
172 262 1
173 261 1
174 54 1
174 261 1
174 262 1
175 54 1
175 261 1
175 262 1
176 54 1
176 261 1
176 262 1
177 54 1
177 261 1
177 262 1
178 54 1
178 261 1
178 262 1
179 49 1
179 50 1
179 51 1
179 52 1
179 53 1
179 54 1
179 55 1
179 56 1
179 57 1
179 58 1
179 59 1
179 60 1
179 61 1
179 62 1
179 63 1
179 64 1
179 65 1
179 261 1
179 262 1
180 57 1
180 155 1
180 156 1
180 157 1
180 195 1
180 196 1
180 220 1
180 221 1
180 261 1
180 262 1
181 57 1
181 155 1
181 156 1
181 157 1
181 220 1
181 221 1
181 261 1
181 262 1
182 57 1
182 261 1
182 262 1
183 49 1
183 50 1
183 51 1
183 52 1
183 53 1
183 54 1
183 55 1
183 56 1
183 57 1
183 58 1
183 59 1
183 60 1
183 61 1
183 62 1
183 63 1
183 64 1
183 65 1
183 262 1
184 260 1
184 261 1
185 260 1
185 261 1
186 260 1
186 261 1
187 260 1
187 261 1
188 260 1
188 261 1
189 260 1
189 261 1
190 260 1
190 261 1
191 260 1
191 261 1
192 260 1
192 261 1
193 260 1
193 261 1
194 260 1
194 261 1
195 260 1
195 261 1
196 260 1
196 261 1
197 260 1
197 261 1
198 260 1
198 261 1
199 260 1
199 261 1
200 260 1
200 261 1
201 260 1
201 261 1
202 260 1
202 261 1
203 260 1
203 261 1
204 260 1
204 261 1
205 260 1
205 261 1
206 260 1
206 261 1
207 260 1
207 261 1
208 260 1
208 261 1
209 260 1
209 261 1
210 260 1
210 261 1
211 54 1
211 55 1
211 118 1
211 135 1
211 136 1
211 211 1
211 212 1
211 213 1
211 218 1
211 219 1
211 220 1
211 221 1
211 260 1
211 261 1
211 262 1
212 260 1
212 261 1
212 262 1
213 118 1
213 220 1
213 221 1
213 260 1
213 261 1
213 262 1
214 49 1
214 50 1
214 51 1
214 52 1
214 53 1
214 54 1
214 55 1
214 56 1
214 57 1
214 58 1
214 59 1
214 60 1
214 61 1
214 62 1
214 63 1
214 64 1
214 65 1
214 118 1
214 218 1
214 219 1
214 220 1
214 221 1
214 260 1
214 261 1
214 262 1
215 49 1
215 50 1
215 51 1
215 52 1
215 53 1
215 54 1
215 55 1
215 56 1
215 57 1
215 58 1
215 59 1
215 60 1
215 61 1
215 62 1
215 63 1
215 64 1
215 65 1
215 118 1
215 219 1
215 220 1
215 221 1
215 260 1
215 261 1
215 262 1
216 49 1
216 54 1
216 55 1
216 119 1
216 120 1
216 121 1
216 122 1
216 123 1
216 124 1
216 125 1
216 126 1
216 127 1
216 128 1
216 129 1
216 130 1
216 131 1
216 132 1
216 133 1
216 134 1
216 135 1
216 136 1
216 137 1
216 138 1
216 139 1
216 140 1
216 141 1
216 142 1
216 143 1
216 144 1
216 145 1
216 146 1
216 147 1
216 148 1
216 149 1
216 150 1
216 151 1
216 152 1
216 153 1
216 154 1
216 155 1
216 156 1
216 157 1
216 158 1
216 159 1
216 160 1
216 161 1
216 187 1
216 188 1
216 189 1
216 190 1
216 211 1
216 212 1
216 213 1
216 214 1
216 215 1
216 216 1
216 217 1
216 261 1
216 262 1
217 49 1
217 50 1
217 51 1
217 52 1
217 53 1
217 54 1
217 55 1
217 56 1
217 57 1
217 58 1
217 59 1
217 60 1
217 61 1
217 62 1
217 63 1
217 64 1
217 65 1
217 261 1
217 262 1
218 260 1
218 261 1
218 262 1
219 260 1
219 261 1
219 262 1
220 260 1
220 261 1
220 262 1
221 260 1
221 261 1
221 262 1
222 22 1
222 29 1
222 30 1
222 260 1
223 1 1
223 2 1
223 3 1
223 4 1
223 5 1
223 6 1
223 7 1
223 8 1
223 9 1
223 10 1
223 11 1
223 12 1
223 13 1
223 14 1
223 15 1
223 16 1
223 17 1
223 18 1
223 19 1
223 20 1
223 260 1
224 22 1
224 23 1
224 24 1
224 25 1
224 26 1
224 27 1
224 28 1
224 29 1
224 30 1
224 31 1
224 32 1
224 34 1
224 35 1
224 36 1
224 37 1
224 38 1
224 39 1
224 40 1
224 47 1
224 224 1
224 226 1
224 229 1
225 38 1
225 39 1
225 40 1
225 41 1
225 42 1
225 43 1
225 44 1
225 45 1
225 46 1
225 47 1
225 48 1
225 69 1
225 70 1
225 71 1
225 72 1
225 73 1
225 74 1
225 75 1
225 76 1
225 77 1
225 78 1
225 79 1
225 80 1
225 81 1
225 82 1
225 83 1
225 84 1
225 85 1
225 86 1
225 87 1
225 88 1
225 89 1
225 90 1
225 91 1
225 92 1
225 93 1
225 94 1
225 95 1
225 96 1
225 97 1
225 98 1
225 99 1
225 100 1
225 101 1
225 102 1
225 103 1
225 104 1
225 105 1
225 106 1
225 107 1
225 108 1
225 109 1
225 110 1
225 111 1
225 112 1
225 113 1
225 114 1
225 115 1
225 116 1
225 117 1
225 224 1
225 225 1
225 226 1
225 227 1
225 228 1
225 229 1
225 230 1
225 231 1
225 232 1
225 233 1
225 234 1
225 235 1
225 236 1
225 237 1
225 238 1
225 239 1
225 240 1
225 241 1
225 242 1
225 243 1
225 244 1
226 38 1
226 39 1
226 40 1
226 47 1
226 89 1
226 102 1
226 222 1
226 223 1
226 224 1
226 229 1
227 119 1
227 120 1
227 121 1
227 122 1
227 123 1
227 124 1
227 125 1
227 126 1
227 127 1
227 128 1
227 129 1
227 130 1
227 131 1
227 132 1
227 133 1
227 134 1
227 135 1
227 136 1
227 137 1
227 138 1
227 139 1
227 140 1
227 141 1
227 142 1
227 143 1
227 144 1
227 145 1
227 146 1
227 147 1
227 148 1
227 149 1
227 150 1
227 151 1
227 152 1
227 153 1
228 84 1
228 86 1
228 87 1
228 88 1
228 104 1
228 105 1
228 106 1
228 107 1
228 108 1
228 109 1
228 110 1
228 111 1
228 112 1
228 113 1
228 114 1
228 115 1
228 116 1
228 117 1
228 154 1
229 38 1
229 39 1
229 40 1
229 47 1
229 89 1
229 102 1
229 222 1
229 223 1
229 224 1
229 226 1
230 89 1
230 102 1
230 119 1
230 120 1
230 121 1
230 122 1
230 123 1
230 124 1
230 125 1
230 126 1
230 127 1
230 128 1
230 129 1
230 130 1
230 131 1
230 132 1
230 133 1
230 134 1
230 135 1
230 136 1
230 137 1
230 138 1
230 139 1
230 140 1
230 141 1
230 142 1
230 143 1
230 144 1
230 145 1
230 146 1
230 147 1
230 148 1
230 149 1
230 150 1
230 151 1
230 152 1
230 153 1
230 154 1
230 222 1
230 223 1
231 85 1
231 164 1
231 165 1
231 166 1
231 211 1
231 212 1
231 213 1
231 214 1
231 215 1
231 216 1
231 217 1
231 230 1
231 231 1
231 232 1
231 233 1
231 234 1
231 235 1
231 236 1
231 237 1
231 238 1
231 239 1
231 240 1
232 185 1
232 186 1
232 187 1
232 188 1
232 189 1
232 190 1
232 191 1
232 192 1
232 193 1
232 194 1
232 195 1
232 196 1
232 197 1
232 198 1
232 200 1
232 201 1
232 202 1
232 203 1
232 204 1
232 205 1
232 206 1
232 207 1
232 208 1
232 209 1
232 210 1
232 211 1
232 212 1
232 213 1
233 134 1
233 135 1
233 136 1
233 137 1
233 138 1
233 139 1
233 140 1
233 141 1
233 142 1
233 143 1
233 144 1
233 145 1
233 146 1
234 89 1
234 102 1
234 141 1
234 142 1
234 143 1
234 222 1
235 89 1
235 102 1
235 222 1
236 38 1
236 39 1
236 40 1
236 47 1
237 38 1
237 39 1
238 38 1
238 39 1
238 40 1
238 41 1
238 42 1
238 43 1
238 44 1
238 45 1
238 46 1
238 47 1
238 48 1
239 38 1
239 39 1
239 40 1
239 41 1
239 42 1
239 43 1
239 44 1
239 45 1
239 46 1
239 47 1
239 89 1
240 102 1
240 222 1
241 49 1
241 50 1
241 51 1
241 52 1
241 53 1
241 54 1
241 55 1
241 56 1
241 57 1
241 58 1
241 59 1
241 60 1
241 61 1
241 62 1
241 63 1
241 64 1
241 65 1
241 89 1
241 102 1
241 134 1
241 135 1
241 136 1
241 137 1
241 138 1
241 139 1
241 140 1
241 141 1
241 142 1
241 143 1
241 144 1
241 145 1
241 146 1
241 211 1
241 212 1
241 213 1
242 38 1
242 39 1
242 40 1
242 47 1
242 48 1
242 85 1
242 89 1
242 101 1
242 102 1
242 134 1
242 195 1
242 196 1
242 211 1
242 212 1
242 213 1
242 228 1
242 229 1
242 230 1
242 231 1
242 232 1
242 233 1
242 234 1
242 235 1
243 85 1
243 101 1
243 102 1
243 141 1
243 142 1
243 143 1
243 224 1
243 225 1
243 226 1
243 227 1
243 228 1
243 229 1
243 230 1
243 231 1
243 232 1
243 233 1
244 104 1
244 105 1
244 106 1
244 107 1
244 108 1
244 109 1
244 110 1
244 111 1
244 112 1
244 113 1
244 114 1
244 142 1
244 143 1
245 38 1
245 39 1
245 40 1
245 47 1
245 89 1
245 102 1
245 199 1
245 222 1
245 223 1
245 224 1
245 226 1
245 229 1
246 199 1
246 200 1
246 224 1
246 226 1
246 229 1
247 38 1
247 39 1
247 40 1
247 47 1
247 199 1
247 224 1
247 226 1
247 229 1
248 195 1
248 196 1
248 197 1
248 198 1
248 199 1
248 200 1
248 201 1
248 202 1
249 224 1
249 226 1
249 229 1
250 38 1
250 39 1
250 40 1
250 47 1
250 224 1
250 226 1
250 229 1
251 224 1
251 226 1
251 229 1
252 49 1
252 50 1
252 51 1
252 52 1
252 53 1
252 54 1
252 55 1
252 56 1
252 57 1
252 58 1
252 59 1
252 60 1
252 61 1
252 62 1
252 63 1
252 64 1
252 65 1
252 261 1
252 262 1
253 38 1
253 39 1
253 40 1
253 47 1
253 224 1
254 224 1
255 89 1
255 102 1
255 222 1
255 223 1
255 224 1
255 225 1
255 226 1
255 227 1
255 228 1
255 229 1
255 230 1
255 231 1
255 232 1
255 233 1
255 234 1
255 235 1
255 236 1
255 237 1
255 238 1
255 239 1
255 240 1
255 241 1
255 242 1
255 243 1
255 244 1
256 38 1
256 39 1
256 40 1
256 47 1
256 224 1
257 89 1
257 102 1
257 222 1
257 223 1
257 224 1
257 225 1
257 226 1
257 227 1
257 228 1
257 229 1
257 230 1
257 231 1
257 232 1
257 233 1
257 234 1
257 235 1
257 236 1
257 237 1
257 238 1
257 239 1
257 240 1
257 241 1
257 242 1
257 243 1
257 244 1
258 89 1
258 102 1
258 222 1
258 223 1
258 224 1
258 226 1
258 229 1
259 245 1
259 246 1
259 247 1
259 248 1
259 250 1
