1 1
2 1
3 1
4 2
5 3
6 4
7 5
8 5
9 6
10 6
11 7
12 7
13 7
14 7
15 7
16 7
17 7
18 7
19 7
20 7
21 7
22 7
23 7
24 7
25 7
26 7
27 7
28 7
29 7
30 8
31 8
32 9
33 10
34 10
35 10
36 10
37 10
38 11
39 12
40 12
41 13
42 13
43 13
44 14
45 14
46 14
47 14
48 14
49 15
50 15
51 15
52 15
53 15
54 15
55 16
56 5
57 6
58 6
59 6
60 6
61 7
62 7
63 7
64 7
65 7
66 7
67 7
68 7
69 7
70 7
71 7
72 7
73 7
74 7
75 7
76 7
77 7
78 7
79 7
80 7
81 7
82 8
83 17
84 10
85 10
86 10
87 10
88 10
89 11
90 11
91 13
92 14
93 14
94 14
95 14
96 14
97 18
98 15
99 14
100 19
101 19
102 19
103 19
104 19
105 20
106 20
107 21
108 21
109 21
110 21
111 21
112 21
113 21
114 21
115 21
116 21
117 21
118 21
119 21
120 21
121 21
122 21
123 21
124 22
125 22
126 22
127 22
128 22
129 22
130 22
131 22
132 22
133 22
134 23
135 23
136 24
137 24
138 25
139 22
140 13
